== Ejercicio 2 ==

== Sin Errores ==

255 209 105 117 255 211 107 119 255  22 136  70 255  24 138  72 255 118 150 248 
255  24 138  72 255 118 150 248 255 120 152 250 255  49 115 255 255  51 117   1 
255  49 115 255 255  51 117   1 255 204 144  39 255 206 146  41 255  10 100 146 
255 206 146  41 255  10 100 146 255  12 102 148 255   4 123 248 255   6 125 250 
255   4 123 248 255   6 125 250 255 145 154  35 255 147 156  37 255  11 146 110 
255 147 156  37 255  11 146 110 255  13 148 112 255 224 113 170 255 226 115 172 
255 224 113 170 255 226 115 172 255 164 115 122 255 166 117 124 255  16 131  44 
255 166 117 124 255  16 131  44 255  18 133  46 255  92 130 110 255  94 132 112 
255  92 130 110 255  94 132 112 255   5 104 160 255   7 106 162 255 136 131 172 
255   7 106 162 255 136 131 172 255 138 133 174 255   9  93 110 255  11  95 112 
255   9  93 110 255  11  95 112 255 205 130 231 255 207 132 233 255  21  99 153 
255 207 132 233 255  21  99 153 255  23 101 155 255 242 137  44 255 244 139  46 

== Random ==

255 108 121  67 255  75  88  34 255 119 144  53 255 149 174  83 255 158 200  60 
255 149 174  83 255 158 200  60 255 118 160  20 255  92 189 141 255  45 142  94 
255  92 189 141 255  45 142  94 255  80 109   6 255  85 114  11 255 153 169 105 
255  85 114  11 255 153 169 105 255  62  78  14 255  83 120 250 255  84 121 251 
255  83 120 250 255  84 121 251 255  75 102   5 255  84 111  14 255 128 157  54 
255  84 111  14 255 128 157  54 255  92 121  18 255 127 222 180 255  57 152 110 
255 127 222 180 255  57 152 110 255  48 135 118 255 150 237 220 255 119 188 223 
255 150 237 220 255 119 188 223 255 101 170 205 255  96 161 208 255  99 164 211 
255  96 161 208 255  99 164 211 255  95 119  32 255  56  80 249 255 155 179  92 
255  56  80 249 255 155 179  92 255 141 165  78 255 137 192  13 255  35  90 167 
255 137 192  13 255  35  90 167 255  93 184 155 255  84 175 146 255  90 124   7 
255  84 175 146 255  90 124   7 255  76 110 249 255  36 116 118 255  48 128 130 

== Con Errores==

255  34 255 127 255  34 255 127 255  34 255 127 255  34 255 127 255  34 255 127 
255  34 255 127 255  34 255 127 255  34 255 127 255  34 255 127 255  34 255 127 
255  34 255 127 255  34 255 127 255  34 255 127 255  34 255 127 255  34 255 127 
255  34 255 127 255  34 255 127 255  34 255 127 255 220 132 245 255 218 130 243 
255 220 132 245 255 218 130 243 255  14 131  32 255  12 129  30 255  34 255 127 
255  12 129  30 255  34 255 127 255  34 255 127 255 130 133 167 255 128 131 165 
255 130 133 167 255 128 131 165 255  76 134 119 255  74 132 117 255  24 131  41 
255  74 132 117 255  24 131  41 255  22 129  39 255 101 130 108 255  99 128 106 
255 101 130 108 255  99 128 106 255 119 133 157 255 117 131 155 255  34 255 127 
255 117 131 155 255  34 255 127 255  34 255 127 255  62 134 108 255  60 132 106 
255  62 134 108 255  60 132 106 255 201 132 229 255 199 130 227 255 111 133 150 
255 199 130 227 255 111 133 150 255 109 131 148 255  24 131  41 255  22 129  39 
