== Ejercicio 2 ==

== Iguales ==

 87 127 173 135  46 110 130 192  47  33  31 205  45 177 154 194 189  68 128  89 
 80 112 132 116 189 192 133  73 125 197 168 162  52 136 150 178  95 158 189 182 
170  88 113 150 129 113 154 147 175 163 134 199 179 203 151 162 100  69 129 150 
162 123 105 223 103  99 170 108 146 104  66  92  36  49  51 170  59  80 159 161 
104 188 152  39 203 191  78 151 114 101 175 125 131 115 104  90  56 124 140 149 
 98 102 114 187  78 111 171 175 113  53 208  66 138 160 146 113 141  91  35 153 
179  84 172 218 115  96 131  78  98 188 144 158  54 210 169  98 224 190  82 125 
123 237 206 165 120 145 115 191 120 107 105  54  58  95 172  54 114  12  68 146 
171 170 190 155 103  90  35 133 134 205  90 242 118 196 177 120 152  80 114 143 
 64  95  48 164  99  81 196 140  68 170 198 160  71  62 144  72 110 203 142 235 
 77 176 101 181 173 132 178 120 154 151 105 148 137  90 208 190 132 152 127 149 
 70  71 121  94  60 111 215  97 100 121 137  37 169  22  87 117  75 106  95 188 
163 142 152  70  51  79 144  98  50  24 112 221 151 203  94 222 163 155  95 162 
 88 202 133 139  62 217 126 134 106 119  99 128  92  97 179  80  97 169 149  54 
142  55 124 142  94  72 138  49 200 193 123 167  46 119 135 152  85 142 142 185 
110 174 174 103 163  94 239 131 163  76 140 172 153 181  89 126 191 193 166  79 
 35  90 122 126  82 180  72 119 158 161 158 193 154 128 202 169  98  78 166  25 
168 218 199 182 157 124  77 183  72 117 115 108 111 103 106  46  51 232 121 173 
 98 189 210  47 175 106 197 220 191 153  19 138  60 142 170  55 132  38 108 145 
146  92 211  68 202  41  90  66 115 106  44  73 227 115 198 108 212 104 153 138 

== Distinto(random) ==

255 255 255 255 255 255 255 255 255 255 255 255 255 255 255 255 255 255 255 255 
255 255 255 255 255 255 255 255 255 255 255 255 255 255 255 255 255 255 255 255 
255 255 255 255 255 255 255 255 255 255 255 255 255 255 255 255 255 255 255 255 
255 255 255 255 255 255 255 255 255 255 255 255 255 255 255 255 255 255 255 255 
255 255 255 255 255 255 255 255 255 255 255 255 255 255 255 255 255 255 255 255 
255 255 255 255 255 255 255 255 255 255 255 255 255 255 255 255 255 255 255 255 
255 255 255 255 255 255 255 255 255 255 255 255 255 255 255 255 255 255 255 255 
255 255 255 255 255 255 255 255 255 255 255 255 255 255 255 255 255 255 255 255 
255 255 255 255 255 255 255 255 255 255 255 255 255 255 255 255 255 255 255 255 
255 255 255 255 255 255 255 255 255 255 255 255 255 255 255 255 255 255 255 255 
255 255 255 255 255 255 255 255 255 255 255 255 255 255 255 255 255 255 255 255 
255 255 255 255 255 255 255 255 255 255 255 255 255 255 255 255 255 255 255 255 
255 255 255 255 255 255 255 255 255 255 255 255 255 255 255 255 255 255 255 255 
255 255 255 255 255 255 255 255 255 255 255 255 255 255 255 255 255 255 255 255 
255 255 255 255 255 255 255 255 255 255 255 255 255 255 255 255 255 255 255 255 
255 255 255 255 255 255 255 255 255 255 255 255 255 255 255 255 255 255 255 255 
255 255 255 255 255 255 255 255 255 255 255 255 255 255 255 255 255 255 255 255 
255 255 255 255 255 255 255 255 255 255 255 255 255 255 255 255 255 255 255 255 
255 255 255 255 255 255 255 255 255 255 255 255 255 255 255 255 255 255 255 255 
255 255 255 255 255 255 255 255 255 255 255 255 255 255 255 255 255 255 255 255 

== Alternado 1==

255  82 255 131 255 191 255 160 255 117 255 108 255 123 255  62 255 184 255 175 
255 105 255 180 255 191 255 102 255 100 255 207 255 181 255  52 255  78 255 123 
255  77 255  88 255 119 255 131 255 147 255 154 255 114 255 171 255 137 255  80 
255  92 255 101 255 133 255  95 255 147 255 166 255 165 255 214 255 135 255  83 
255  20 255 119 255  89 255  85 255 166 255  55 255  35 255 179 255  29 255  88 
255 101 255 200 255 224 255  47 255 112 255 160 255 174 255 169 255 179 255 114 
255 171 255  59 255  68 255 164 255  94 255  59 255  89 255 169 255 170 255 168 
255 150 255 155 255 160 255  94 255 110 255 179 255 112 255  41 255  95 255 160 
255 137 255 205 255 209 255  93 255 201 255 129 255 186 255 198 255  88 255 141 
255  99 255 106 255 190 255  59 255 216 255 200 255 156 255 103 255 158 255 166 
255 197 255 170 255 145 255  71 255  44 255 186 255 174 255 209 255  83 255 151 
255  99 255  96 255 166 255  97 255  82 255 193 255  41 255  82 255 121 255 155 
255 152 255 102 255 159 255 208 255 138 255 112 255  67 255  32 255 165 255 118 
255 157 255 154 255  98 255  52 255  96 255 187 255 188 255  41 255 125 255 135 
255 119 255 201 255 118 255  80 255 124 255 220 255 196 255 128 255  59 255 161 
255  98 255 119 255 136 255 106 255 149 255 150 255 191 255 200 255 110 255 103 
255  95 255 135 255 147 255 196 255 172 255 123 255 141 255  58 255 145 255  99 
255 212 255 102 255  89 255 202 255  49 255 109 255  52 255  19 255  71 255 129 
255 100 255  57 255 111 255 129 255 119 255  70 255 182 255 193 255 193 255  57 
255 164 255 148 255 145 255  74 255 106 255 177 255  80 255 166 255 168 255 129 

== Alternado 2==

 87 255 173 255  46 255 130 255  47 255  31 255  45 255 154 255 189 255 128 255 
 80 255 132 255 189 255 133 255 125 255 168 255  52 255 150 255  95 255 189 255 
170 255 113 255 129 255 154 255 175 255 134 255 179 255 151 255 100 255 129 255 
162 255 105 255 103 255 170 255 146 255  66 255  36 255  51 255  59 255 159 255 
104 255 152 255 203 255  78 255 114 255 175 255 131 255 104 255  56 255 140 255 
 98 255 114 255  78 255 171 255 113 255 208 255 138 255 146 255 141 255  35 255 
179 255 172 255 115 255 131 255  98 255 144 255  54 255 169 255 224 255  82 255 
123 255 206 255 120 255 115 255 120 255 105 255  58 255 172 255 114 255  68 255 
171 255 190 255 103 255  35 255 134 255  90 255 118 255 177 255 152 255 114 255 
 64 255  48 255  99 255 196 255  68 255 198 255  71 255 144 255 110 255 142 255 
 77 255 101 255 173 255 178 255 154 255 105 255 137 255 208 255 132 255 127 255 
 70 255 121 255  60 255 215 255 100 255 137 255 169 255  87 255  75 255  95 255 
163 255 152 255  51 255 144 255  50 255 112 255 151 255  94 255 163 255  95 255 
 88 255 133 255  62 255 126 255 106 255  99 255  92 255 179 255  97 255 149 255 
142 255 124 255  94 255 138 255 200 255 123 255  46 255 135 255  85 255 142 255 
110 255 174 255 163 255 239 255 163 255 140 255 153 255  89 255 191 255 166 255 
 35 255 122 255  82 255  72 255 158 255 158 255 154 255 202 255  98 255 166 255 
168 255 199 255 157 255  77 255  72 255 115 255 111 255 106 255  51 255 121 255 
 98 255 210 255 175 255 197 255 191 255  19 255  60 255 170 255 132 255 108 255 
146 255 211 255 202 255  90 255 115 255  44 255 227 255 198 255 212 255 153 255 
