== Ejercicio 2 ==

== Caso 1 ==

255  68  29 239 255  35  76 199 255  24  16 255 255  11  35 135 255  69  44  98 255  27   5  45 255 107 156 255 255  11 115 120 255  31 180 100 255   5   1 159 255  24  24 255 255  40   7 235 
255   1   6 254 255  17  20 210 255  98 175 255 255  59 133  78 255   4  88 253 255  44   6 205 255  30  25 255 255  15  94 167 255  43  18 245 255   6  40 235 255  47 119 255 255  47  11 117 
255   5  39 134 255 165 138 218 255  88  33 255 255  41   1 166 255  61 110 114 255  53  92 204 255  33   4 255 255  51  20 119 255   6  87 240 255  33   6 248 255 106  55 255 255   7  51 254 
255  29  48 192 255 126  16  52 255  20   7 255 255  95 222  68 255  36   5 255 255  38  13 216 255  95  78 255 255 128   1 192 255  19 103 234 255  60  87 175 255  32   2 255 255   8  11  85 
255  13  34 142 255  46  79 220 255  84  52 255 255  90 136 182 255  21  44 252 255  32  61 138 255  68 104 255 255 119   4 104 255  32  27 255 255 172   9 243 255  61 108 255 255 100  40  70 
255 122  95 219 255  24 127 133 255  16  48 255 255  78   3 209 255  53  43 204 255 134  12 142 255  71  38 255 255 159   5 252 255  90   3 234 255 217 117 238 255   4  37 255 255  24 197 182 
255  76   5 236 255   3   1 254 255  52  35 255 255  35  20 179 255  62 156 123 255  16  69 224 255  36   5 255 255 161  89 148 255   1 146 200 255   1  44 247 255  69  50 255 255   1  67 249 
255 111 127 214 255   3 140 217 255 107  12 255 255  46 129 188 255  57 135 169 255  13 126 254 255  65 129 255 255  10  98 159 255 166 210 242 255  20  35 176 255  14  55 255 255  43  67 172 
255 197  77 208 255   4 106 241 255  21  54 255 255 191   2 209 255  57  15  73 255   2  57 176 255  44 105 255 255  22 103 222 255   1  86 251 255  67 140 253 255  77 141 255 255   6  65 196 
255  16  77 232 255  17  18 225 255  20  84 255 255  91 111 139 255   3  10 217 255  81  46  89 255 180  56 255 255 110  35 249 255  47  61 124 255  22  94 131 255  99   2 255 255  12 110 108 
255   2 153 139 255  15  89 232 255  43  47 255 255  83  64 254 255 101   8 217 255  68  41  53 255  62  73 255 255 179 157 223 255   3 108 249 255 145  20 246 255   1  83 255 255 124  69 200 
255  45   5 132 255  43  84 225 255 104   9 255 255  18  58 120 255   1  25 233 255   2   9 176 255  51 110 255 255 152 126 249 255 103  36 152 255 124  89 223 255   2  35 255 255 148  21 176 
255 158  36 152 255 147  40  78 255 240  43 255 255  26  72 215 255   9  60 246 255  87  10 240 255   6 177 255 255 113 216 222 255 152  90  94 255 133  44 213 255 175  31 255 255 118 125 210 
255  31  17 115 255  41   1 253 255  91 145 255 255   7  92 236 255  43 170 253 255   1  36 239 255 213 141 255 255  44  74 255 255  59  90 211 255  37  43 162 255  57  60 255 255  30   4  33 
255 232  90 251 255 152  23 253 255   2 123 255 255   5  69  81 255  21 151 146 255  63  58 187 255  28  37 255 255 163   9 234 255  90  11 251 255   4  82 209 255  45  90 255 255  72  77 252 
255  25   1 236 255 130  46 255 255 165 178 255 255 159   8 185 255   7 151 211 255  20  90 250 255 175  21 255 255   2   6 253 255  29 121 213 255  14  57 243 255  23 103 255 255  87   8  15 
255  62   1 253 255  41   3  81 255  48 209 255 255  27  30 181 255 114   5 106 255 100   4 194 255 109  46 255 255   2  60 133 255  85 225 248 255 113  56  83 255  32   5 255 255  32  34 250 
255  80  19 245 255  13 120 200 255   6  63 255 255  70  44 144 255  12  20 199 255  37 138 253 255 228 158 255 255 180   3 237 255 100   1 232 255  34  23 243 255  49 114 255 255  48  56 243 
255  99   1 184 255  78  29 188 255  72  28 255 255  13  14 254 255 155  33 110 255 126 140  66 255  13   9 255 255  14  69 205 255  46 210 184 255 171 157 248 255  18   9 255 255 142 145 233 
255  11  53 204 255  84  97 244 255  49  14 255 255  94 114 193 255 188  26 236 255  26  60 229 255  96  24 255 255  16  51  68 255  73  37 197 255  63  14 210 255   2   7 255 255  18  32 174 

== Caso 2 ==

255  53 114 126 255  52 138 148 255  51 129 255 255   5  91 165 255  78  37 137 255  10 208 252 255 205  57 255 255 114  74 200 255 141 120 198 255  56  22 230 255 167  42 255 255 160 150 229 
255   5  91 165 255  78  37 137 255  10 208 252 255 205  57 255 255 114  74 200 255 141 120 198 255  56  22 230 255 167  42 255 255 160 150 229 255 150  11 136 255  41  11 246 255  13  66 255 
255 205  57 255 255 114  74 200 255 141 120 198 255  56  22 230 255 167  42 255 255 160 150 229 255 150  11 136 255  41  11 246 255  13  66 255 255  23 195 255 255 118 239 237 255 176 120 238 
255  56  22 230 255 167  42 255 255 160 150 229 255 150  11 136 255  41  11 246 255  13  66 255 255  23 195 255 255 118 239 237 255 176 120 238 255   4  83 255 255  95 156 245 255  11  66 221 
255 150  11 136 255  41  11 246 255  13  66 255 255  23 195 255 255 118 239 237 255 176 120 238 255   4  83 255 255  95 156 245 255  11  66 221 255 117   4 184 255  69 120 255 255 255   1 174 
255  23 195 255 255 118 239 237 255 176 120 238 255   4  83 255 255  95 156 245 255  11  66 221 255 117   4 184 255  69 120 255 255 255   1 174 255  24 169 143 255  63 111 243 255  56 101 255 
255   4  83 255 255  95 156 245 255  11  66 221 255 117   4 184 255  69 120 255 255 255   1 174 255  24 169 143 255  63 111 243 255  56 101 255 255 117 126 186 255  46 139 210 255  37 201 240 
255 117   4 184 255  69 120 255 255 255   1 174 255  24 169 143 255  63 111 243 255  56 101 255 255 117 126 186 255  46 139 210 255  37 201 240 255  18 126 255 255  29 141 182 255 145  26 253 
255  24 169 143 255  63 111 243 255  56 101 255 255 117 126 186 255  46 139 210 255  37 201 240 255  18 126 255 255  29 141 182 255 145  26 253 255   6  97 239 255 231  59 255 255  44 210 206 
255 117 126 186 255  46 139 210 255  37 201 240 255  18 126 255 255  29 141 182 255 145  26 253 255   6  97 239 255 231  59 255 255  44 210 206 255  72 132 227 255   6  60 185 255   4 125 255 
255  18 126 255 255  29 141 182 255 145  26 253 255   6  97 239 255 231  59 255 255  44 210 206 255  72 132 227 255   6  60 185 255   4 125 255 255  63  64 187 255 163  68 244 255 149  53 217 
255   6  97 239 255 231  59 255 255  44 210 206 255  72 132 227 255   6  60 185 255   4 125 255 255  63  64 187 255 163  68 244 255 149  53 217 255  45  31 255 255  38  35  66 255 140 115 255 
255  72 132 227 255   6  60 185 255   4 125 255 255  63  64 187 255 163  68 244 255 149  53 217 255  45  31 255 255  38  35  66 255 140 115 255 255  13 181  89 255  66 109 255 255  83  78 218 
255  63  64 187 255 163  68 244 255 149  53 217 255  45  31 255 255  38  35  66 255 140 115 255 255  13 181  89 255  66 109 255 255  83  78 218 255 118   7 229 255  46 134 235 255  10 118 255 
255  45  31 255 255  38  35  66 255 140 115 255 255  13 181  89 255  66 109 255 255  83  78 218 255 118   7 229 255  46 134 235 255  10 118 255 255 180 120  82 255  47   1 163 255   2  75 254 
255  13 181  89 255  66 109 255 255  83  78 218 255 118   7 229 255  46 134 235 255  10 118 255 255 180 120  82 255  47   1 163 255   2  75 254 255 136  24 255 255  10  91 251 255  51   1  68 
255 118   7 229 255  46 134 235 255  10 118 255 255 180 120  82 255  47   1 163 255   2  75 254 255 136  24 255 255  10  91 251 255  51   1  68 255  10 202 158 255 161 143 255 255  15 160 199 
255 180 120  82 255  47   1 163 255   2  75 254 255 136  24 255 255  10  91 251 255  51   1  68 255  10 202 158 255 161 143 255 255  15 160 199 255 124 165 210 255  66  73 220 255  17   3 255 
255 136  24 255 255  10  91 251 255  51   1  68 255  10 202 158 255 161 143 255 255  15 160 199 255 124 165 210 255  66  73 220 255  17   3 255 255 145 181 219 255  36  59 224 255  53 189 167 
255  10 202 158 255 161 143 255 255  15 160 199 255 124 165 210 255  66  73 220 255  17   3 255 255 145 181 219 255  36  59 224 255  53 189 167 255  35  54 255 255 173 179 150 255  48  64 194 

== Random ==

255 148  74 180 255  71  90 182 255  32  24 255 255   1 120 237 255   1 135 148 255  21  42 222 255  23  36 255 255   1 151 176 255  68 171 224 255 116  10 195 255  17 199 255 255  25 219 236 
255   1 120 237 255   1 135 148 255  21  42 222 255  23  36 255 255   1 151 176 255  68 171 224 255 116  10 195 255  17 199 255 255  25 219 236 255  31  20 147 255 147 209 108 255  78 151 255 
255  23  36 255 255   1 151 176 255  68 171 224 255 116  10 195 255  17 199 255 255  25 219 236 255  31  20 147 255 147 209 108 255  78 151 255 255  34  54 206 255 159 133 247 255   1 142 244 
255 116  10 195 255  17 199 255 255  25 219 236 255  31  20 147 255 147 209 108 255  78 151 255 255  34  54 206 255 159 133 247 255   1 142 244 255 109 113 255 255  48  90 243 255 161  52 142 
255  31  20 147 255 147 209 108 255  78 151 255 255  34  54 206 255 159 133 247 255   1 142 244 255 109 113 255 255  48  90 243 255 161  52 142 255  14  53  52 255 167  67 255 255   9  54 196 
255  34  54 206 255 159 133 247 255   1 142 244 255 109 113 255 255  48  90 243 255 161  52 142 255  14  53  52 255 167  67 255 255   9  54 196 255  71 109 188 255 174 211 172 255  15 191 255 
255 109 113 255 255  48  90 243 255 161  52 142 255  14  53  52 255 167  67 255 255   9  54 196 255  71 109 188 255 174 211 172 255  15 191 255 255   6  54 103 255 136   4  62 255  59  79 196 
255  14  53  52 255 167  67 255 255   9  54 196 255  71 109 188 255 174 211 172 255  15 191 255 255   6  54 103 255 136   4  62 255  59  79 196 255  67 244 255 255  31  51 239 255 133 152 251 
255  71 109 188 255 174 211 172 255  15 191 255 255   6  54 103 255 136   4  62 255  59  79 196 255  67 244 255 255  31  51 239 255 133 152 251 255  24  59 175 255  21  44 255 255  12  52 245 
255   6  54 103 255 136   4  62 255  59  79 196 255  67 244 255 255  31  51 239 255 133 152 251 255  24  59 175 255  21  44 255 255  12  52 245 255  10 120 238 255  39  57 237 255  93  60 255 
255  67 244 255 255  31  51 239 255 133 152 251 255  24  59 175 255  21  44 255 255  12  52 245 255  10 120 238 255  39  57 237 255  93  60 255 255 132 172 187 255 130 203 225 255 147 163 250 
255  24  59 175 255  21  44 255 255  12  52 245 255  10 120 238 255  39  57 237 255  93  60 255 255 132 172 187 255 130 203 225 255 147 163 250 255   6  21 255 255  23 103 244 255  18  59  81 
255  10 120 238 255  39  57 237 255  93  60 255 255 132 172 187 255 130 203 225 255 147 163 250 255   6  21 255 255  23 103 244 255  18  59  81 255 195  58 249 255   1 130 255 255  93 153 192 
255 132 172 187 255 130 203 225 255 147 163 250 255   6  21 255 255  23 103 244 255  18  59  81 255 195  58 249 255   1 130 255 255  93 153 192 255 132  52 253 255  15   6 250 255  35 127 255 
255   6  21 255 255  23 103 244 255  18  59  81 255 195  58 249 255   1 130 255 255  93 153 192 255 132  52 253 255  15   6 250 255  35 127 255 255  16  72 254 255 132  33 214 255  12  90 235 
255 195  58 249 255   1 130 255 255  93 153 192 255 132  52 253 255  15   6 250 255  35 127 255 255  16  72 254 255 132  33 214 255  12  90 235 255  86 115 255 255 101  67 107 255  24  48 100 
255 132  52 253 255  15   6 250 255  35 127 255 255  16  72 254 255 132  33 214 255  12  90 235 255  86 115 255 255 101  67 107 255  24  48 100 255  97 133 184 255  65 125 255 255  85  87 220 
255  16  72 254 255 132  33 214 255  12  90 235 255  86 115 255 255 101  67 107 255  24  48 100 255  97 133 184 255  65 125 255 255  85  87 220 255 115 184 130 255  14  94 253 255  38  51 255 
255  86 115 255 255 101  67 107 255  24  48 100 255  97 133 184 255  65 125 255 255  85  87 220 255 115 184 130 255  14  94 253 255  38  51 255 255   2 107 235 255 157 179 235 255  12 196 135 
255  97 133 184 255  65 125 255 255  85  87 220 255 115 184 130 255  14  94 253 255  38  51 255 255   2 107 235 255 157 179 235 255  12 196 135 255  39  32 255 255 144 151  71 255 110 109 189 
